0 0.099609 0.090278 0.142578 0.107639
0 0.278320 0.086806 0.152344 0.118056
0 0.472656 0.094618 0.162109 0.112847
0 0.468750 0.240451 0.158203 0.112847
0 0.672363 0.395833 0.178711 0.118056
0 0.465820 0.390625 0.162109 0.121528
0 0.279785 0.235243 0.161133 0.112847
0 0.673828 0.090278 0.175781 0.114583
0 0.675293 0.240451 0.184570 0.112847
0 0.096191 0.230903 0.149414 0.111111
0 0.085449 0.381076 0.141602 0.109375
0 0.270020 0.385417 0.168945 0.107639
0 0.080566 0.519965 0.145508 0.119792
0 0.266113 0.541667 0.155273 0.125000
0 0.074219 0.671007 0.138672 0.123264
0 0.070312 0.830729 0.138672 0.116319
0 0.260742 0.686632 0.167969 0.126736
0 0.465820 0.559028 0.171875 0.138889
0 0.670898 0.572917 0.166016 0.145833
0 0.459961 0.720486 0.167969 0.135417
0 0.452148 0.871528 0.162109 0.128472
0 0.256836 0.845486 0.152344 0.131944
0 0.669922 0.732639 0.167969 0.131944
0 0.666992 0.905382 0.177734 0.144097
0 0.897461 0.088542 0.193359 0.128472
0 0.895020 0.255208 0.182617 0.118056
0 0.897461 0.413194 0.173828 0.114583
0 0.894043 0.589410 0.182617 0.130208
0 0.896973 0.750868 0.192383 0.126736
0 0.898438 0.925347 0.201172 0.149306
