0 0.288333 0.059469 0.380000 0.081986
0 0.662500 0.128753 0.385000 0.068129
0 0.671667 0.206697 0.416667 0.069284
0 0.667500 0.053695 0.361667 0.058891
0 0.276667 0.125866 0.376667 0.069284
0 0.270833 0.197460 0.385000 0.076212
0 0.252500 0.270785 0.398333 0.084296
0 0.675000 0.288684 0.430000 0.094688
0 0.238333 0.354503 0.453333 0.083141
0 0.670000 0.366051 0.433333 0.087760
0 0.237500 0.449769 0.451667 0.088915
0 0.689167 0.448614 0.455000 0.086605
0 0.255000 0.549076 0.470000 0.081986
0 0.709167 0.540993 0.468333 0.084296
0 0.246667 0.656467 0.483333 0.077367
0 0.737500 0.648961 0.498333 0.099307
0 0.252500 0.775404 0.478333 0.123557
0 0.743333 0.763279 0.513333 0.124711
